0.210128, -1.307437, -0.805793, 2.241394, 0.410174, -0.559282, 0.738671, -0.272601, 0.559524, 2.055457, 0.965494, 0.393764, -0.22779, 
2.082599, 0.572447, -0.678002, -0.080065, 0.551381, 0.137739, -0.7293, 0.281218, -0.946685, -0.27323, -2.055788, -0.49535, -1.730029, 0.073243, 
0.835236, -1.594611, 0.497944, 1.507448, 0.408827, -1.00723, -0.969208, -1.014973, -2.01415, 1.347961, -0.076539, 0.816729, -0.246788, -1.018478,
-0.639926, -0.745082, 0.584235, -1.395123, -0.193913, -0.900186, 0.349417, 1.571708, 1.129522, -1.589751, -0.251002, -0.733892, 1.550585,
0.004423, 0.152465, -1.442683, -0.825633, 0.801543, 0.43291, -0.064325, 0.951177, 0.457214, 1.259221, 0.996037, 0.637048, -0.41338, -0.341726,
0.816933, -1.016387, 0.770647, -0.629213, 2.322582, 2.08985, 0.600469, 0.663879, 1.686182, -0.102481, 0.544853, 0.055056, -1.231116, -0.681323,
0.141243, -1.094672, -0.082879, -0.343158, 0.021132, 1.853672, -0.590763, 0.011887, -0.654881, -0.760401, 0.854506, -0.376839, 1.20009, 0.463343,
0.480617, -1.31324, 1.658266, -0.38802, -1.674932, -0.053202, 1.136035, 0.349162, 1.005002, -1.401044, -0.78735, -0.9506, 1.896174, -0.239128,
0.393533, -0.472488, -0.97049, -1.00418, 1.715285, 0.386722, 0.67578, 1.150351, -0.826361, -0.223111, -0.738141, -0.231664, -0.563426, -1.122081,
1.143828, -0.208125, 1.454656, -0.281333, -1.670591, -0.677251, 0.443981, -2.174026, -1.211696, -0.203257, 2.150939, -0.742734, 0.70323,
1.063027, -0.389762, 0.764456, 2.755525, -0.954875, 0.214412, 0.174326, -1.678767, -0.20456, -0.972947, 0.818877, -0.180349, -0.544054, 0.469, 
0.098284, 0.326278, -0.105736, -0.296634, -0.204372, 1.491607, 0.784983, -0.792032, -2.298751, 0.85373, -1.250393, 0.294328, -1.749422, 1.089217,
0.076119, 0.704164, -0.133682, 0.62362, -1.607973, 0.646652, 0.123275, 1.941599, 0.297069, 0.258515, -1.22891, 1.148115, 0.211831, -1.380375, 
3.33773, -1.746371, 0.434066, -0.421392, -0.875535, 0.166954, -1.602979, -0.833162, -1.529737, 2.28391, -1.291728, 0.037773, 1.359455, -0.082282,
-1.319808, -1.083039, 1.503774, 0.562444, 0.302578, 0.642981, 2.527831, 1.020495, 0.382054, 1.417087, 0.959104, -1.395316, 0.045969, -0.087425,
0.937763, 0.750578, 0.004966, 0.353696, 1.069443, 0.237385, 0.798612, -0.451216, -0.180531, -0.07933, 1.538051, 0.451079, -0.583806, 2.01202, 
0.709602, 0.446983, 0.345343, -0.098079, 0.645552, 0.782396, 0.88473, -0.509915, -0.21164, -1.594082, -0.634428, -0.809931, -0.117316, -0.08611,
0.900177, 2.316095, 0.750865, -1.420483, 1.368534, 0.996672, -0.606608, 0.280072, 0.961331, 0.091566, -1.219151, 0.050371, -1.29452, 0.87316, 
0.711195, -0.26209, 0.121132, -0.652944, -1.283135, -0.122173, 0.137919, -1.410598, 0.476351, -2.392145, 1.16675, -0.553232, 0.922473, -1.369383,
-1.606864, -1.376894, -0.070037, 0.166143, 2.000351, 0.266029, 1.188766, -4.62E-4, 0.162773, -0.467232, 0.809573, -0.793563, 0.854911, 0.830549,
-0.523738, -1.046824, 0.292858, 0.058643, -0.735476, -0.086284, 0.547802, -0.248103, 1.280608, -1.4411, -1.577891, 0.700816, 1.979153, 0.212545,
-0.187087, 1.410489, 0.05124, -0.994177, -1.341322, -0.767796, -0.517357, 0.61968, 0.795465, -1.12223, 1.766306, -2.025696, 1.654483, -0.61402, 
0.999973, 0.907452, -0.219543, 0.947149, -0.799075, -0.363848, 1.051747, 2.604343, 0.980813, 1.091491, -0.310797, -0.782945, 1.438391, 0.767807,
0.453621, -0.882898, -0.803308, -1.049559, 0.199005, 0.219324, 0.146237, 0.500655, 2.123667, -1.409502, -0.560332, -0.797538, -0.348306,
0.401848, -0.803311, -0.508567, 1.90828, -0.48101, -0.262779, -0.796565, -0.023746, 0.164856, 0.449878, -0.972248, -1.136247, 0.344916, 
1.331878, 0.970446, -0.026335, 0.506844, 0.103226, -1.261532, -1.200688, 0.671288, 0.300484, 1.594714, 1.277794, -1.014928, 0.688838, -0.809838,
0.497507, 1.628573, 1.127195, 0.478929, 0.265272, -1.04655, 0.639022, 0.641471, 0.107925, -0.260289, -0.31953, 0.464476, -0.119425, 0.998263, 
1.386548, -0.377138, -0.29715, 0.227601, 1.201065, -1.372427, -0.133438, 0.283433, 0.566853, 0.933884, 0.741934, 0.979146, 0.470177, -1.125468, 
0.490473, 0.625349, -0.756456, 0.692132, -0.338259, -0.21959, 0.537101, 0.693428, -1.94227, -0.156467, -0.462104, -1.793038, 1.511471, -1.593016,
-0.69128, -0.837707, -0.582396, 0.531574, -1.120871, 0.469387, -1.498118, 0.95295, -1.970141, -0.507542, -0.468992, -0.139658, -1.345978,
0.990288, 0.406843, 2.68622, -2.30781, -0.273617, -0.599067, 0.541511, -0.733948, -0.881847, -0.72384, -0.822572, 0.128046, 0.880297, 0.326415, 
0.061643, -1.461355, -0.371984, -0.355253, -0.259908, 0.251338, -1.361739, 0.766534, 1.039759, -1.3747, 0.415972, 0.937709, 0.144525, 0.136879, 
0.459935, -0.421074, 1.58121, -3.00534, -0.885898, 1.334527, 1.00727, 1.438224, 0.442184, 0.779855, 2.72085, 1.432696, 0.186356, 0.290091,
0.364564, 0.0198, 0.074861, 1.065086, -0.723685, -0.080594, 0.515126, -0.349339, 0.703518, 1.629288, 2.039451, -0.499243, -2.235121, 1.679706,
0.523983, -2.731997, 1.496157, 1.392294, -0.250521, 0.574632, 0.287397, -0.781086, -0.155854, -0.782352, -0.158578, 1.56376, -0.49813, 0.660662,
0.634197, -0.520378, -0.040739, 0.122531, -0.878622, -0.540344, -0.646378, -0.096218, -0.804072, 0.106525, 1.032841, -0.782479, 0.975683,
0.171238, -2.169875, -1.379239